[[1]]
[1] 480

[[2]]
[1] 480 493

[[3]]
[1] 480 493 480

[[4]]
[1] 480 493 480 395

[[5]]
[1] 480 493 480 395 482

[[6]]
[1] 480 493 480 395 482 407

[[7]]
[1] 480 493 480 395 482 407 486

[[8]]
[1] 480 493 480 395 482 407 486 479

[[9]]
[1] 480 493 480 395 482 407 486 479 492

[[10]]
 [1] 480 493 480 395 482 407 486 479 492 395

[[11]]
 [1] 480 493 480 395 482 407 486 479 492 395 484

[[12]]
 [1] 480 493 480 395 482 407 486 479 492 395 484 480

[[13]]
 [1] 480 493 480 395 482 407 486 479 492 395 484 480 483

[[14]]
 [1] 480 493 480 395 482 407 486 479 492 395 484 480 483 479

[[15]]
 [1] 480 493 480 395 482 407 486 479 492 395 484 480 483 479 482

